# PwC colors
pwc_colors <- c(
  orange = "#D04A02",
  rose = "#DB536A",
  red = "#E0301E",
  tangerine = "#EB8C00",
  yellow = "#FFB600",
  burgundy_deprecated = "#A32020",
  maroon_deprecated = "#602320",

  # neutral colors
  white = "#FFFFFF",
  black = "#000000",
  dark_grey = "#2D2D2D",
  medium_grey = "#464646",
  grey = "#7D7D7D",
  light_grey = "#DEDEDE",


  # orange
  orange1 = "#571F01",
  orange2 = "#933401",
  orange3 = "#D04A02",
  orange4 = "#FD6412",
  orange5 = "#FEB791",

  # tangerine
  tangerine1 = "#714300",
  tangerine2 = "#AE6800",
  tangerine3 = "EB8C00",
  tangerine4 = "#FFA929",
  tangerine5 = "#FFDCA9",

  # yellow
  yellow1 = "#855F00",
  yellow2 = "#C28A00",
  yellow3 = "#FFB600",
  yellow4 = "#FFC83D",
  yellow5 = "#FFECBD",

  # rose
  rose1 = "#6E2A35",
  rose2 = "#A43E50",
  rose3 = "#DB536A",
  rose4 = "#E27588",
  rose5 = "#F1BAC3",

  # red
  red1 = "#741910",
  red2 = "#AA2417",
  red3 = "#E0301E",
  red4 = "#E86153",
  red5 = "#F7C8C4",

  # purple
  purple1 = "#4B06B2",
  purple2 = "#6A1CE2",
  purple3 = "#9013FE",
  purple4 = "#B15AFE",
  purple5 = "#DEB8FF",

  # blue
  blue1 = "#003DAB",
  blue2 = "#0060D7",
  blue3 = "#0089EB",
  blue4 = "#4DACF1",
  blue5 = "#B3DCF9",

  # green
  green1 = "#175C2C",
  green2 = "#2C8646",
  green3 = "#4EB523",
  green4 = "#86DB4F",
  green5 = "#C4FC9F",

  # status
  status_green = "#E0301E",
  status_yellow = "#FFB600",
  status_red = "#175C2C"
)


